4000000000006
4000000000014
4000000000022
4000000000030
4000000000048
4000000000055
4000000000063
4000000000071
4000000000089
4000000000097
4000000000105
4000000000113
4000000000121
4000000000139
4000000000147
4000000000154
4000000000162
4000000000170
4000000000188
4000000000196
4000000000204
4000000000212
4000000000220
4000000000238
4000000000246
4000000000253
4000000000261
4000000000279
4000000000287
4000000000295
4000000000303
4000000000311
4000000000329
4000000000337
4000000000345
4000000000352
4000000000360
4000000000378
4000000000386
4000000000394
4000000000402
4000000000410
4000000000428
4000000000436
4000000000444
4000000000451
4000000000469
4000000000477
4000000000485
4000000000493
4000000000501
4000000000519
4000000000527
4000000000535
4000000000543
4000000000550
4000000000568
4000000000576
4000000000584
4000000000592
4000000000600
4000000000618
4000000000626
4000000000634
4000000000642
4000000000659
4000000000667
4000000000675
4000000000683
4000000000691
4000000000709
4000000000717
4000000000725
4000000000733
4000000000741
4000000000758
4000000000766
4000000000774
4000000000782
4000000000790
4000000000808
4000000000816
4000000000824
4000000000832
4000000000840
4000000000857
4000000000865
4000000000873
4000000000881
4000000000899
4000000000907
4000000000915
4000000000923
4000000000931
4000000000949
4000000000956
4000000000964
4000000000972
4000000000980
4000000000998
